name	Daddario-EJ15-extra-light-650mm-9070g
schema	1.0
datetime	2018-08-04 01:06:58
sample_time	0.250
sample_step_time	0.063
sample_stop_time	2.000
tracks	12
name	E4-650
number	1
average_freq	364.445
variance	4.459
stdev	2.112
samples	32
time	frequency	confidence	rms
0.000	362.561	0.990	0.070
0.063	366.653	0.985	0.105
0.126	364.623	0.997	0.139
0.189	364.807	0.997	0.139
0.252	364.469	0.996	0.133
0.315	363.261	0.991	0.128
0.378	363.685	0.994	0.121
0.441	363.864	0.994	0.112
0.504	363.266	0.988	0.105
0.567	363.508	0.990	0.099
0.630	364.622	0.990	0.093
0.693	365.628	0.995	0.086
0.756	365.967	0.993	0.079
0.820	363.970	0.991	0.072
0.883	363.442	0.987	0.065
0.946	363.078	0.989	0.060
1.009	360.998	0.983	0.055
1.072	365.551	0.979	0.051
1.135	365.935	0.982	0.048
1.198	362.841	0.972	0.045
1.261	361.289	0.981	0.042
1.324	363.886	0.983	0.040
1.387	363.772	0.986	0.038
1.450	365.864	0.984	0.037
1.513	367.622	0.982	0.035
1.576	369.829	0.962	0.034
1.639	363.178	0.967	0.033
1.702	360.641	0.969	0.032
1.765	364.820	0.982	0.031
1.828	369.646	0.968	0.031
1.891	366.680	0.970	0.030
1.954	362.281	0.980	0.029
name	E4-325
number	2
average_freq	600.022
variance	41756.125
stdev	204.343
samples	32
time	frequency	confidence	rms
0.000	736.663	0.989	0.067
0.063	734.018	0.989	0.095
0.126	733.666	0.988	0.117
0.189	733.327	0.991	0.097
0.252	734.105	0.987	0.082
0.315	732.146	0.981	0.070
0.378	731.071	0.971	0.062
0.441	737.461	0.956	0.058
0.504	736.233	0.968	0.055
0.567	733.183	0.979	0.055
0.630	732.310	0.972	0.054
0.693	738.390	0.957	0.053
0.756	734.949	0.994	0.051
0.820	732.481	0.962	0.049
0.883	743.189	0.950	0.046
0.946	739.124	0.972	0.043
1.009	729.395	0.966	0.040
1.072	368.701	0.914	0.036
1.135	737.661	0.975	0.033
1.198	737.628	0.986	0.030
1.261	365.366	0.922	0.028
1.324	366.438	0.950	0.025
1.387	731.626	0.932	0.023
1.450	244.398	0.942	0.021
1.513	364.285	0.961	0.019
1.576	368.665	0.918	0.017
1.639	242.424	0.885	0.016
1.702	121.212	0.869	0.014
1.765	727.273	0.889	0.013
1.828	727.273	0.882	0.012
1.891	363.636	0.773	0.012
1.954	242.424	0.755	0.011
name	B3-650
number	3
average_freq	211.245
variance	4664.964
stdev	68.301
samples	32
time	frequency	confidence	rms
0.000	263.714	0.978	0.087
0.063	263.326	0.986	0.131
0.126	263.740	0.988	0.173
0.189	263.164	0.989	0.174
0.252	264.733	0.987	0.171
0.315	263.906	0.992	0.167
0.378	263.495	0.988	0.160
0.441	263.009	0.987	0.152
0.504	261.994	0.984	0.142
0.567	263.310	0.985	0.130
0.630	263.548	0.984	0.119
0.693	262.080	0.973	0.106
0.756	262.356	0.974	0.095
0.820	263.507	0.981	0.084
0.883	263.107	0.976	0.075
0.946	262.638	0.965	0.066
1.009	262.853	0.950	0.058
1.072	131.492	0.954	0.052
1.135	131.269	0.937	0.046
1.198	131.411	0.921	0.041
1.261	131.347	0.928	0.037
1.324	131.365	0.955	0.034
1.387	263.303	0.911	0.031
1.450	131.375	0.938	0.029
1.513	131.273	0.948	0.027
1.576	131.439	0.918	0.026
1.639	131.148	0.893	0.024
1.702	131.148	0.899	0.025
1.765	131.416	0.920	0.026
1.828	52.632	0.819	0.025
1.891	266.667	0.884	0.024
1.954	258.064	0.822	0.021
name	B3-325
number	4
average_freq	504.166
variance	11017.093
stdev	104.962
samples	32
time	frequency	confidence	rms
0.000	535.646	0.998	0.149
0.063	536.904	0.999	0.210
0.126	533.864	0.997	0.256
0.189	536.898	0.999	0.218
0.252	535.602	0.999	0.182
0.315	537.365	0.997	0.153
0.378	536.763	0.992	0.130
0.441	537.874	0.995	0.115
0.504	533.137	0.985	0.107
0.567	536.316	0.993	0.103
0.630	532.811	0.995	0.103
0.693	537.964	0.996	0.103
0.756	538.166	0.993	0.102
0.820	529.415	0.989	0.099
0.883	541.505	0.983	0.093
0.946	533.420	0.994	0.085
1.009	539.472	0.981	0.075
1.072	533.166	0.986	0.066
1.135	536.487	0.995	0.057
1.198	532.917	0.993	0.048
1.261	520.754	0.954	0.041
1.324	535.455	0.995	0.035
1.387	538.123	0.982	0.030
1.450	48.193	0.873	0.026
1.513	535.276	0.931	0.024
1.576	533.253	0.961	0.023
1.639	571.429	0.864	0.023
1.702	266.188	0.939	0.023
1.765	537.102	0.924	0.024
1.828	534.368	0.909	0.025
1.891	530.818	0.944	0.026
1.954	266.667	0.896	0.027
name	G3-650
number	5
average_freq	164.783
variance	0.722
stdev	0.849
samples	32
time	frequency	confidence	rms
0.000	164.945	0.975	0.050
0.063	165.040	0.979	0.076
0.126	164.642	0.986	0.101
0.189	164.772	0.985	0.102
0.252	164.557	0.991	0.104
0.315	164.256	0.995	0.106
0.378	164.312	0.993	0.108
0.441	164.360	0.991	0.108
0.504	164.489	0.995	0.107
0.567	166.100	0.994	0.106
0.630	163.993	0.990	0.106
0.693	164.957	0.991	0.104
0.756	166.322	0.995	0.103
0.820	163.887	0.993	0.100
0.883	164.267	0.995	0.099
0.946	165.808	0.995	0.097
1.009	164.087	0.994	0.094
1.072	165.564	0.994	0.091
1.135	165.617	0.995	0.089
1.198	162.993	0.995	0.085
1.261	166.042	0.994	0.081
1.324	163.555	0.997	0.077
1.387	164.505	0.985	0.073
1.450	165.326	0.993	0.072
1.513	163.980	0.995	0.071
1.576	164.486	0.993	0.070
1.639	165.795	0.990	0.069
1.702	165.485	0.994	0.068
1.765	163.150	0.990	0.066
1.828	165.526	0.989	0.065
1.891	164.356	0.988	0.065
1.954	165.867	0.990	0.064
name	G3-325
number	6
average_freq	334.813
variance	4.793
stdev	2.189
samples	32
time	frequency	confidence	rms
0.000	335.761	0.997	0.047
0.063	334.412	0.998	0.071
0.126	334.887	0.998	0.090
0.189	337.049	0.994	0.083
0.252	334.604	0.995	0.075
0.315	333.618	0.986	0.067
0.378	336.111	0.994	0.062
0.441	333.020	0.998	0.061
0.504	334.934	0.995	0.063
0.567	337.196	0.993	0.067
0.630	334.825	0.998	0.072
0.693	334.898	0.998	0.076
0.756	336.826	0.993	0.079
0.820	334.829	0.996	0.081
0.883	335.168	0.999	0.080
0.946	335.961	0.992	0.078
1.009	332.650	0.996	0.075
1.072	333.349	0.993	0.071
1.135	335.057	0.996	0.066
1.198	331.773	0.994	0.061
1.261	332.378	0.994	0.056
1.324	336.345	0.992	0.052
1.387	332.896	0.989	0.048
1.450	338.386	0.984	0.045
1.513	336.618	0.982	0.043
1.576	331.212	0.978	0.041
1.639	332.042	0.979	0.040
1.702	337.547	0.978	0.040
1.765	329.066	0.979	0.040
1.828	339.213	0.974	0.040
1.891	337.027	0.974	0.040
1.954	334.350	0.981	0.040
name	D3-650
number	7
average_freq	127.515
variance	0.088
stdev	0.296
samples	32
time	frequency	confidence	rms
0.000	127.875	0.982	0.061
0.063	127.574	0.984	0.090
0.126	127.754	0.989	0.118
0.189	127.468	0.992	0.116
0.252	127.453	0.994	0.112
0.315	127.770	0.988	0.108
0.378	127.661	0.989	0.106
0.441	127.570	0.993	0.104
0.504	127.361	0.991	0.103
0.567	127.510	0.993	0.101
0.630	127.532	0.994	0.099
0.693	126.979	0.996	0.095
0.756	127.282	0.990	0.091
0.820	127.474	0.991	0.087
0.883	127.718	0.989	0.083
0.946	127.243	0.993	0.080
1.009	127.811	0.988	0.076
1.072	127.348	0.996	0.072
1.135	127.020	0.985	0.068
1.198	128.072	0.987	0.063
1.261	126.854	0.985	0.060
1.324	127.780	0.982	0.058
1.387	127.932	0.974	0.057
1.450	127.044	0.986	0.056
1.513	127.168	0.977	0.055
1.576	127.304	0.977	0.054
1.639	127.784	0.984	0.053
1.702	127.742	0.981	0.052
1.765	127.809	0.969	0.052
1.828	127.730	0.979	0.051
1.891	127.306	0.975	0.050
1.954	127.550	0.980	0.050
name	D3-325
number	8
average_freq	258.802
variance	1.493
stdev	1.222
samples	32
time	frequency	confidence	rms
0.000	259.079	0.991	0.028
0.063	259.080	0.988	0.038
0.126	259.688	0.987	0.046
0.189	259.586	0.985	0.041
0.252	259.088	0.976	0.040
0.315	258.695	0.994	0.042
0.378	260.552	0.989	0.047
0.441	259.612	0.990	0.052
0.504	258.336	0.991	0.057
0.567	258.328	0.994	0.060
0.630	257.633	0.995	0.060
0.693	259.025	0.992	0.058
0.756	260.579	0.983	0.055
0.820	259.844	0.991	0.051
0.883	258.345	0.992	0.048
0.946	258.436	0.996	0.044
1.009	258.707	0.980	0.040
1.072	258.230	0.985	0.036
1.135	259.107	0.982	0.032
1.198	258.460	0.991	0.030
1.261	260.535	0.973	0.027
1.324	259.171	0.966	0.026
1.387	257.509	0.957	0.026
1.450	259.236	0.970	0.027
1.513	260.070	0.931	0.027
1.576	259.293	0.965	0.029
1.639	255.570	0.962	0.030
1.702	257.305	0.976	0.030
1.765	259.509	0.980	0.030
1.828	257.502	0.987	0.030
1.891	260.197	0.962	0.030
1.954	255.373	0.921	0.029
name	A2-650
number	9
average_freq	98.922
variance	0.033
stdev	0.183
samples	32
time	frequency	confidence	rms
0.000	99.488	0.987	0.116
0.063	99.099	0.996	0.174
0.126	99.028	0.998	0.229
0.189	99.191	0.995	0.223
0.252	99.119	0.997	0.218
0.315	98.920	0.998	0.213
0.378	98.991	0.997	0.208
0.441	98.871	0.997	0.208
0.504	98.903	0.998	0.206
0.567	98.841	0.999	0.202
0.630	98.906	0.998	0.197
0.693	98.889	0.999	0.197
0.756	98.843	0.999	0.195
0.820	99.120	0.998	0.193
0.883	98.781	0.999	0.189
0.946	98.889	0.998	0.188
1.009	98.834	0.998	0.187
1.072	98.813	0.999	0.185
1.135	98.771	0.999	0.181
1.198	98.773	0.998	0.178
1.261	98.971	0.998	0.178
1.324	98.870	0.998	0.176
1.387	98.969	0.998	0.173
1.450	99.124	0.998	0.169
1.513	98.724	0.998	0.168
1.576	98.649	0.997	0.166
1.639	98.633	0.997	0.164
1.702	98.527	0.996	0.160
1.765	99.055	0.997	0.159
1.828	98.860	0.997	0.156
1.891	98.988	0.996	0.154
1.954	99.061	0.998	0.149
name	A2-325
number	10
average_freq	201.430
variance	0.774
stdev	0.880
samples	32
time	frequency	confidence	rms
0.000	201.886	0.995	0.115
0.063	201.496	0.997	0.166
0.126	201.561	0.997	0.205
0.189	201.024	0.997	0.176
0.252	201.246	0.995	0.139
0.315	201.287	0.995	0.104
0.378	202.061	0.990	0.080
0.441	201.368	0.990	0.068
0.504	202.044	0.980	0.067
0.567	200.963	0.984	0.071
0.630	200.688	0.995	0.075
0.693	201.479	0.988	0.077
0.756	201.304	0.988	0.078
0.820	200.922	0.988	0.079
0.883	202.234	0.990	0.081
0.946	200.917	0.995	0.088
1.009	202.019	0.991	0.094
1.072	200.784	0.996	0.098
1.135	199.647	0.996	0.100
1.198	201.635	0.994	0.096
1.261	201.543	0.989	0.089
1.324	200.473	0.998	0.081
1.387	200.805	0.995	0.072
1.450	201.316	0.983	0.064
1.513	201.349	0.985	0.055
1.576	199.683	0.992	0.048
1.639	201.539	0.961	0.043
1.702	201.014	0.979	0.040
1.765	201.290	0.964	0.038
1.828	204.210	0.974	0.038
1.891	202.551	0.973	0.038
1.954	203.436	0.981	0.040
name	E2-650
number	11
average_freq	83.890
variance	0.020
stdev	0.141
samples	32
time	frequency	confidence	rms
0.000	83.971	0.999	0.128
0.063	84.085	0.999	0.193
0.126	83.984	0.998	0.253
0.189	83.868	0.998	0.251
0.252	84.035	0.998	0.245
0.315	83.851	0.998	0.240
0.378	84.012	0.998	0.236
0.441	83.889	0.998	0.228
0.504	83.871	0.998	0.225
0.567	83.858	0.998	0.220
0.630	84.012	0.998	0.213
0.693	83.944	0.998	0.207
0.756	83.662	0.997	0.200
0.820	83.636	0.998	0.195
0.883	83.896	0.998	0.186
0.946	84.017	0.998	0.180
1.009	83.786	0.997	0.174
1.072	83.808	0.996	0.168
1.135	83.991	0.997	0.161
1.198	84.055	0.996	0.155
1.261	83.717	0.995	0.149
1.324	83.987	0.997	0.141
1.387	83.712	0.994	0.136
1.450	84.115	0.996	0.131
1.513	84.007	0.995	0.128
1.576	83.913	0.997	0.123
1.639	83.816	0.992	0.120
1.702	83.909	0.995	0.116
1.765	83.893	0.992	0.111
1.828	83.563	0.993	0.109
1.891	83.606	0.995	0.106
1.954	83.997	0.994	0.103
name	E2-325
number	12
average_freq	166.482
variance	219.724
stdev	14.823
samples	32
time	frequency	confidence	rms
0.000	168.955	0.989	0.052
0.063	169.770	0.996	0.079
0.126	169.024	0.993	0.106
0.189	169.719	0.997	0.112
0.252	169.684	0.997	0.116
0.315	169.863	0.998	0.116
0.378	169.972	0.991	0.111
0.441	168.035	0.993	0.102
0.504	169.307	0.990	0.088
0.567	168.418	0.991	0.072
0.630	169.654	0.977	0.055
0.693	168.001	0.978	0.041
0.756	169.863	0.969	0.033
0.820	169.723	0.979	0.033
0.883	170.143	0.981	0.039
0.946	166.741	0.966	0.047
1.009	170.208	0.990	0.055
1.072	168.518	0.980	0.060
1.135	170.640	0.989	0.066
1.198	169.267	0.992	0.069
1.261	170.060	0.994	0.071
1.324	168.021	0.992	0.073
1.387	171.408	0.989	0.072
1.450	167.723	0.991	0.070
1.513	167.010	0.991	0.065
1.576	169.079	0.981	0.060
1.639	168.413	0.987	0.053
1.702	168.419	0.987	0.046
1.765	168.222	0.973	0.038
1.828	169.618	0.956	0.032
1.891	169.791	0.970	0.026
1.954	84.146	0.918	0.023
