name	Daddario-EJ16-2-light-650mm-9070g
schema	1.0
datetime	2018-08-04 01:15:08
sample_time	0.250
sample_step_time	0.063
sample_stop_time	2.000
tracks	12
name	E4-650
number	1
average_freq	307.186
variance	5.504
stdev	2.346
samples	32
time	frequency	confidence	rms
0.000	306.954	0.996	0.147
0.063	308.615	0.998	0.140
0.126	306.331	0.997	0.115
0.189	307.039	0.998	0.106
0.252	308.726	0.995	0.100
0.315	307.621	0.998	0.096
0.378	306.102	0.997	0.092
0.441	305.053	0.992	0.088
0.504	309.673	0.996	0.085
0.567	308.317	0.991	0.081
0.630	309.609	0.994	0.077
0.693	307.607	0.992	0.074
0.756	305.953	0.995	0.070
0.820	311.694	0.971	0.067
0.883	304.746	0.992	0.064
0.946	309.165	0.995	0.061
1.009	307.768	0.995	0.058
1.072	306.763	0.993	0.056
1.135	306.999	0.986	0.053
1.198	302.303	0.972	0.051
1.261	308.812	0.984	0.048
1.324	306.314	0.973	0.047
1.387	307.560	0.979	0.044
1.450	309.113	0.982	0.042
1.513	307.704	0.982	0.040
1.576	312.719	0.980	0.039
1.639	304.127	0.970	0.037
1.702	308.502	0.986	0.036
1.765	306.081	0.984	0.035
1.828	306.920	0.959	0.033
1.891	301.648	0.952	0.032
1.954	303.420	0.975	0.031
name	E4-325
number	2
average_freq	610.806
variance	2927.649
stdev	54.108
samples	32
time	frequency	confidence	rms
0.000	620.395	0.994	0.111
0.063	620.901	0.994	0.167
0.126	620.937	0.995	0.215
0.189	621.571	0.989	0.199
0.252	620.452	0.992	0.181
0.315	621.862	0.991	0.164
0.378	621.670	0.990	0.150
0.441	620.261	0.994	0.139
0.504	620.503	0.984	0.130
0.567	618.904	0.994	0.119
0.630	620.989	0.990	0.109
0.693	619.962	0.981	0.099
0.756	619.043	0.976	0.090
0.820	620.285	0.987	0.083
0.883	621.122	0.989	0.076
0.946	621.912	0.968	0.070
1.009	621.639	0.982	0.065
1.072	621.733	0.987	0.060
1.135	621.279	0.994	0.057
1.198	621.676	0.970	0.054
1.261	620.898	0.966	0.050
1.324	615.385	0.886	0.047
1.387	618.295	0.960	0.043
1.450	619.688	0.985	0.039
1.513	620.734	0.969	0.038
1.576	618.248	0.955	0.039
1.639	619.164	0.992	0.038
1.702	619.891	0.926	0.037
1.765	309.665	0.925	0.035
1.828	622.374	0.974	0.032
1.891	624.158	0.927	0.030
1.954	620.203	0.988	0.028
name	B3-650
number	3
average_freq	229.419
variance	0.419
stdev	0.647
samples	32
time	frequency	confidence	rms
0.000	229.794	0.996	0.140
0.063	230.432	0.995	0.212
0.126	229.811	0.998	0.280
0.189	229.522	0.999	0.273
0.252	229.584	0.999	0.262
0.315	229.427	0.999	0.251
0.378	229.270	0.999	0.240
0.441	229.358	0.999	0.231
0.504	229.803	0.999	0.222
0.567	229.101	0.999	0.214
0.630	228.925	1.000	0.204
0.693	229.922	0.998	0.192
0.756	229.270	0.999	0.179
0.820	229.336	0.998	0.167
0.883	229.485	0.999	0.157
0.946	228.397	0.999	0.148
1.009	229.507	0.999	0.138
1.072	229.186	0.999	0.130
1.135	229.788	0.998	0.122
1.198	229.703	0.997	0.114
1.261	229.941	0.997	0.108
1.324	229.646	0.996	0.102
1.387	230.165	0.996	0.096
1.450	230.033	0.995	0.091
1.513	228.813	0.997	0.086
1.576	229.013	0.998	0.081
1.639	228.139	0.998	0.077
1.702	230.307	0.991	0.073
1.765	228.457	0.992	0.069
1.828	229.035	0.995	0.066
1.891	230.619	0.994	0.063
1.954	227.634	0.998	0.060
name	B3-325
number	4
average_freq	421.362
variance	12972.094
stdev	113.895
samples	32
time	frequency	confidence	rms
0.000	467.542	0.988	0.048
0.063	470.998	0.974	0.067
0.126	466.755	0.985	0.082
0.189	467.718	0.972	0.068
0.252	468.780	0.988	0.057
0.315	468.154	0.971	0.050
0.378	469.510	0.987	0.046
0.441	468.250	0.976	0.044
0.504	470.284	0.976	0.043
0.567	470.755	0.977	0.044
0.630	467.663	0.976	0.044
0.693	467.777	0.976	0.043
0.756	468.022	0.971	0.041
0.820	467.915	0.976	0.040
0.883	465.178	0.966	0.040
0.946	468.404	0.977	0.040
1.009	469.120	0.986	0.041
1.072	467.592	0.982	0.041
1.135	466.218	0.982	0.042
1.198	468.565	0.991	0.041
1.261	467.301	0.984	0.040
1.324	473.392	0.990	0.038
1.387	466.941	0.988	0.036
1.450	469.630	0.975	0.034
1.513	468.621	0.976	0.031
1.576	469.762	0.939	0.028
1.639	233.763	0.960	0.025
1.702	232.475	0.919	0.022
1.765	58.394	0.892	0.019
1.828	235.294	0.897	0.017
1.891	465.139	0.923	0.015
1.954	77.670	0.809	0.014
name	G3-650
number	5
average_freq	156.820
variance	0.714
stdev	0.845
samples	32
time	frequency	confidence	rms
0.000	157.386	0.995	0.056
0.063	156.925	0.985	0.088
0.126	157.084	0.993	0.116
0.189	156.372	0.993	0.115
0.252	156.884	0.992	0.112
0.315	156.756	0.989	0.107
0.378	157.132	0.995	0.103
0.441	156.332	0.996	0.101
0.504	156.378	0.987	0.099
0.567	157.563	0.986	0.097
0.630	157.295	0.987	0.096
0.693	157.221	0.977	0.093
0.756	157.071	0.988	0.089
0.820	157.745	0.985	0.086
0.883	157.488	0.991	0.084
0.946	157.055	0.988	0.083
1.009	157.393	0.984	0.084
1.072	155.430	0.976	0.084
1.135	157.006	0.974	0.084
1.198	155.902	0.983	0.084
1.261	156.933	0.970	0.082
1.324	156.716	0.988	0.081
1.387	157.287	0.992	0.081
1.450	157.091	0.984	0.080
1.513	158.518	0.968	0.079
1.576	157.494	0.980	0.079
1.639	156.266	0.960	0.078
1.702	153.589	0.973	0.077
1.765	157.282	0.993	0.076
1.828	155.961	0.978	0.074
1.891	155.886	0.988	0.072
1.954	156.803	0.980	0.071
name	G3-325
number	6
average_freq	286.085
variance	4923.647
stdev	70.169
samples	32
time	frequency	confidence	rms
0.000	318.967	0.997	0.055
0.063	318.513	0.997	0.087
0.126	319.388	0.993	0.120
0.189	321.386	0.997	0.126
0.252	320.051	0.999	0.133
0.315	321.296	0.999	0.135
0.378	320.637	0.998	0.133
0.441	317.578	0.996	0.125
0.504	317.978	0.988	0.114
0.567	319.075	0.995	0.101
0.630	319.374	0.996	0.088
0.693	320.675	0.995	0.075
0.756	323.479	0.992	0.064
0.820	319.136	0.988	0.054
0.883	321.089	0.954	0.045
0.946	321.891	0.916	0.039
1.009	106.289	0.905	0.034
1.072	160.000	0.881	0.032
1.135	321.181	0.984	0.032
1.198	321.357	0.936	0.033
1.261	317.172	0.956	0.035
1.324	318.159	0.986	0.037
1.387	314.151	0.957	0.038
1.450	159.303	0.919	0.039
1.513	157.960	0.921	0.040
1.576	106.580	0.935	0.040
1.639	319.367	0.945	0.040
1.702	322.980	0.994	0.040
1.765	160.945	0.943	0.040
1.828	320.569	0.963	0.039
1.891	313.858	0.945	0.040
1.954	314.325	0.954	0.040
name	D3-650
number	7
average_freq	118.192
variance	0.091
stdev	0.302
samples	32
time	frequency	confidence	rms
0.000	118.235	0.989	0.048
0.063	118.309	0.986	0.072
0.126	117.945	0.986	0.095
0.189	118.086	0.986	0.091
0.252	118.269	0.988	0.089
0.315	118.753	0.986	0.086
0.378	118.733	0.984	0.083
0.441	118.511	0.982	0.081
0.504	117.769	0.978	0.077
0.567	118.958	0.987	0.074
0.630	117.914	0.994	0.070
0.693	118.760	0.986	0.068
0.756	118.160	0.977	0.067
0.820	118.506	0.979	0.071
0.883	118.214	0.985	0.074
0.946	118.185	0.989	0.077
1.009	118.492	0.982	0.077
1.072	118.280	0.986	0.075
1.135	117.975	0.986	0.073
1.198	118.189	0.990	0.070
1.261	118.039	0.988	0.070
1.324	117.972	0.987	0.072
1.387	118.181	0.989	0.074
1.450	117.918	0.996	0.076
1.513	118.283	0.990	0.077
1.576	117.841	0.978	0.074
1.639	118.104	0.985	0.070
1.702	117.758	0.989	0.066
1.765	117.932	0.983	0.064
1.828	117.943	0.989	0.064
1.891	117.982	0.987	0.064
1.954	117.939	0.994	0.066
name	D3-325
number	8
average_freq	236.614
variance	439.686
stdev	20.969
samples	32
time	frequency	confidence	rms
0.000	242.684	0.970	0.053
0.063	237.789	0.987	0.067
0.126	243.019	0.994	0.082
0.189	238.522	0.983	0.081
0.252	240.244	0.988	0.083
0.315	240.303	0.987	0.086
0.378	237.872	0.980	0.089
0.441	243.276	0.984	0.094
0.504	239.422	0.992	0.096
0.567	242.263	0.994	0.098
0.630	239.265	0.990	0.099
0.693	240.942	0.992	0.098
0.756	243.256	0.994	0.096
0.820	238.760	0.982	0.092
0.883	242.324	0.976	0.089
0.946	236.519	0.986	0.084
1.009	244.745	0.975	0.080
1.072	240.582	0.982	0.076
1.135	236.996	0.982	0.072
1.198	241.201	0.991	0.069
1.261	236.128	0.985	0.065
1.324	238.817	0.961	0.064
1.387	241.321	0.970	0.062
1.450	237.928	0.980	0.060
1.513	240.863	0.972	0.060
1.576	237.973	0.982	0.058
1.639	244.181	0.991	0.058
1.702	241.770	0.961	0.057
1.765	120.598	0.964	0.056
1.828	243.242	0.986	0.056
1.891	236.960	0.969	0.055
1.954	241.892	0.954	0.056
name	A2-650
number	9
average_freq	89.919
variance	0.027
stdev	0.164
samples	32
time	frequency	confidence	rms
0.000	90.016	0.986	0.112
0.063	89.937	0.992	0.170
0.126	89.662	0.990	0.221
0.189	90.060	0.996	0.208
0.252	90.068	0.992	0.201
0.315	89.968	0.993	0.191
0.378	90.058	0.992	0.179
0.441	89.696	0.993	0.173
0.504	89.997	0.995	0.164
0.567	90.335	0.985	0.154
0.630	90.020	0.990	0.150
0.693	89.944	0.993	0.147
0.756	90.002	0.988	0.142
0.820	89.918	0.983	0.140
0.883	89.962	0.991	0.135
0.946	89.817	0.991	0.128
1.009	89.740	0.989	0.127
1.072	89.750	0.995	0.127
1.135	89.711	0.989	0.130
1.198	90.073	0.984	0.135
1.261	90.148	0.987	0.133
1.324	89.810	0.988	0.133
1.387	90.093	0.987	0.136
1.450	90.019	0.988	0.139
1.513	89.570	0.988	0.145
1.576	89.984	0.993	0.153
1.639	89.955	0.989	0.155
1.702	89.839	0.991	0.154
1.765	89.697	0.989	0.156
1.828	89.937	0.991	0.152
1.891	89.924	0.992	0.149
1.954	89.692	0.990	0.148
name	A2-325
number	10
average_freq	183.075
variance	1.937
stdev	1.392
samples	32
time	frequency	confidence	rms
0.000	183.658	0.911	0.045
0.063	183.147	0.988	0.061
0.126	182.713	0.990	0.079
0.189	182.948	0.991	0.078
0.252	183.363	0.987	0.092
0.315	183.694	0.985	0.114
0.378	183.462	0.989	0.129
0.441	183.279	0.992	0.133
0.504	183.065	0.995	0.126
0.567	183.416	0.994	0.109
0.630	182.468	0.995	0.088
0.693	182.473	0.986	0.068
0.756	182.707	0.964	0.059
0.820	181.856	0.976	0.059
0.883	179.267	0.982	0.069
0.946	183.381	0.991	0.082
1.009	183.505	0.995	0.094
1.072	184.324	0.993	0.100
1.135	181.431	0.996	0.102
1.198	183.312	0.992	0.098
1.261	185.247	0.996	0.090
1.324	181.917	0.992	0.079
1.387	184.690	0.985	0.068
1.450	182.115	0.980	0.058
1.513	180.634	0.982	0.052
1.576	184.845	0.989	0.051
1.639	184.098	0.986	0.054
1.702	181.849	0.988	0.059
1.765	182.592	0.993	0.063
1.828	185.357	0.990	0.065
1.891	186.200	0.981	0.065
1.954	181.398	0.993	0.062
name	E2-650
number	11
average_freq	69.916
variance	0.046
stdev	0.214
samples	32
time	frequency	confidence	rms
0.000	70.091	0.993	0.119
0.063	69.825	0.990	0.156
0.126	69.736	0.994	0.177
0.189	69.974	0.992	0.182
0.252	70.020	0.988	0.191
0.315	70.317	0.993	0.187
0.378	69.814	0.992	0.191
0.441	69.574	0.987	0.190
0.504	69.846	0.991	0.192
0.567	70.000	0.992	0.200
0.630	69.983	0.994	0.200
0.693	70.015	0.993	0.204
0.756	69.985	0.990	0.203
0.820	70.187	0.976	0.200
0.883	69.848	0.992	0.199
0.946	69.909	0.990	0.194
1.009	70.293	0.992	0.192
1.072	70.051	0.993	0.187
1.135	69.992	0.991	0.183
1.198	69.755	0.993	0.176
1.261	69.916	0.983	0.168
1.324	70.023	0.992	0.161
1.387	69.744	0.995	0.152
1.450	69.700	0.991	0.148
1.513	69.874	0.979	0.138
1.576	69.741	0.991	0.132
1.639	69.451	0.984	0.127
1.702	69.362	0.991	0.120
1.765	70.076	0.983	0.116
1.828	70.253	0.974	0.108
1.891	69.926	0.975	0.105
1.954	70.022	0.948	0.102
name	E2-325
number	12
average_freq	142.425
variance	0.814
stdev	0.902
samples	32
time	frequency	confidence	rms
0.000	143.945	0.980	0.146
0.063	142.169	0.995	0.167
0.126	142.042	0.995	0.156
0.189	142.649	0.997	0.165
0.252	142.799	0.999	0.165
0.315	142.806	0.997	0.154
0.378	142.766	0.998	0.135
0.441	143.044	0.992	0.113
0.504	142.797	0.998	0.097
0.567	143.001	0.989	0.088
0.630	142.463	0.980	0.089
0.693	143.305	0.995	0.095
0.756	142.467	0.993	0.104
0.820	142.722	0.996	0.111
0.883	142.666	0.991	0.113
0.946	142.741	0.994	0.112
1.009	143.039	0.994	0.105
1.072	143.317	0.994	0.095
1.135	142.773	0.987	0.084
1.198	141.064	0.990	0.071
1.261	141.922	0.989	0.061
1.324	142.039	0.981	0.053
1.387	143.140	0.945	0.048
1.450	141.549	0.974	0.047
1.513	140.774	0.974	0.048
1.576	142.970	0.961	0.052
1.639	139.735	0.987	0.057
1.702	142.641	0.978	0.060
1.765	141.000	0.984	0.063
1.828	143.252	0.991	0.065
1.891	143.223	0.997	0.066
1.954	140.781	0.982	0.066
