name	Daddario-EJ40-silk-and-steel-2-650mm-9070g
schema	1.0
datetime	2018-08-04 01:21:06
sample_time	0.250
sample_step_time	0.063
sample_stop_time	2.000
tracks	12
name	E4-650
number	1
average_freq	296.348
variance	8708.547
stdev	93.320
samples	32
time	frequency	confidence	rms
0.000	337.474	0.928	0.038
0.063	336.919	0.931	0.056
0.126	336.901	0.954	0.072
0.189	336.754	0.944	0.069
0.252	336.685	0.951	0.064
0.315	336.959	0.945	0.060
0.378	337.045	0.944	0.056
0.441	336.445	0.953	0.052
0.504	336.996	0.949	0.047
0.567	337.420	0.940	0.044
0.630	337.398	0.934	0.041
0.693	337.386	0.943	0.038
0.756	337.041	0.950	0.036
0.820	337.624	0.906	0.033
0.883	336.704	0.955	0.031
0.946	112.380	0.907	0.030
1.009	336.458	0.938	0.028
1.072	335.798	0.948	0.027
1.135	337.246	0.942	0.025
1.198	335.994	0.964	0.024
1.261	336.631	0.962	0.023
1.324	333.333	0.875	0.022
1.387	337.410	0.916	0.021
1.450	48.193	0.861	0.020
1.513	112.676	0.882	0.020
1.576	48.193	0.829	0.019
1.639	84.241	0.926	0.019
1.702	333.333	0.872	0.018
1.765	333.333	0.834	0.018
1.828	333.333	0.855	0.017
1.891	335.500	0.957	0.017
1.954	333.333	0.899	0.016
name	E4-325
number	2
average_freq	596.050
variance	37182.211
stdev	192.827
samples	32
time	frequency	confidence	rms
0.000	678.584	0.956	0.098
0.063	679.212	0.970	0.143
0.126	676.937	0.968	0.183
0.189	680.590	0.957	0.165
0.252	679.073	0.966	0.151
0.315	679.219	0.969	0.137
0.378	677.592	0.977	0.121
0.441	676.867	0.967	0.105
0.504	678.558	0.956	0.092
0.567	676.724	0.972	0.082
0.630	676.419	0.961	0.074
0.693	677.591	0.941	0.067
0.756	675.251	0.966	0.060
0.820	135.415	0.953	0.054
0.883	677.863	0.933	0.048
0.946	676.191	0.940	0.046
1.009	135.393	0.960	0.047
1.072	675.262	0.963	0.047
1.135	676.553	0.963	0.047
1.198	676.583	0.968	0.046
1.261	679.807	0.939	0.043
1.324	678.221	0.960	0.041
1.387	673.803	0.930	0.038
1.450	61.513	0.908	0.035
1.513	679.306	0.969	0.032
1.576	678.333	0.965	0.030
1.639	682.109	0.931	0.027
1.702	679.359	0.944	0.025
1.765	672.408	0.960	0.025
1.828	112.676	0.893	0.025
1.891	337.225	0.908	0.023
1.954	672.967	0.929	0.023
name	B3-650
number	3
average_freq	263.353
variance	545.672
stdev	23.360
samples	32
time	frequency	confidence	rms
0.000	268.060	0.974	0.062
0.063	267.886	0.991	0.092
0.126	267.213	0.996	0.120
0.189	267.194	0.993	0.111
0.252	267.726	0.994	0.101
0.315	267.507	0.991	0.091
0.378	268.157	0.986	0.080
0.441	267.325	0.996	0.072
0.504	267.935	0.990	0.065
0.567	267.756	0.991	0.060
0.630	267.462	0.988	0.057
0.693	267.862	0.991	0.053
0.756	267.357	0.994	0.049
0.820	268.021	0.989	0.046
0.883	268.373	0.989	0.042
0.946	268.657	0.976	0.039
1.009	268.243	0.966	0.036
1.072	267.879	0.971	0.033
1.135	267.172	0.987	0.030
1.198	267.221	0.981	0.029
1.261	268.298	0.924	0.028
1.324	267.733	0.933	0.026
1.387	267.878	0.971	0.025
1.450	266.667	0.899	0.023
1.513	268.366	0.931	0.021
1.576	266.667	0.847	0.020
1.639	266.667	0.853	0.018
1.702	133.333	0.882	0.017
1.765	266.667	0.892	0.015
1.828	266.667	0.823	0.014
1.891	266.667	0.885	0.014
1.954	266.667	0.834	0.014
name	B3-325
number	4
average_freq	491.522
variance	12656.733
stdev	112.502
samples	32
time	frequency	confidence	rms
0.000	541.869	0.958	0.062
0.063	542.050	0.984	0.097
0.126	538.632	0.987	0.133
0.189	542.024	0.984	0.130
0.252	538.352	0.989	0.117
0.315	541.547	0.985	0.100
0.378	538.382	0.987	0.083
0.441	538.749	0.989	0.079
0.504	540.487	0.984	0.087
0.567	536.140	0.990	0.100
0.630	540.161	0.994	0.110
0.693	535.749	0.995	0.114
0.756	537.787	0.994	0.112
0.820	542.136	0.992	0.105
0.883	539.065	0.997	0.094
0.946	542.007	0.992	0.081
1.009	539.498	0.987	0.067
1.072	539.840	0.990	0.054
1.135	542.436	0.987	0.042
1.198	269.436	0.926	0.033
1.261	540.530	0.956	0.025
1.324	533.333	0.879	0.019
1.387	268.191	0.946	0.015
1.450	533.333	0.840	0.012
1.513	533.333	0.681	0.013
1.576	533.333	0.726	0.023
1.639	108.108	0.767	0.027
1.702	269.561	0.906	0.028
1.765	269.468	0.931	0.029
1.828	536.705	0.976	0.022
1.891	536.408	0.975	0.022
1.954	540.059	0.977	0.024
name	G3-650
number	5
average_freq	168.732
variance	622.971
stdev	24.959
samples	32
time	frequency	confidence	rms
0.000	177.778	0.726	0.032
0.063	87.912	0.793	0.047
0.126	58.394	0.880	0.061
0.189	175.080	0.951	0.060
0.252	175.469	0.922	0.058
0.315	175.781	0.920	0.058
0.378	175.076	0.983	0.059
0.441	174.811	0.988	0.060
0.504	175.414	0.977	0.059
0.567	175.121	0.991	0.059
0.630	175.074	0.985	0.057
0.693	174.718	0.980	0.055
0.756	174.874	0.983	0.053
0.820	174.804	0.988	0.052
0.883	174.926	0.983	0.050
0.946	175.016	0.993	0.049
1.009	174.787	0.991	0.047
1.072	174.366	0.996	0.045
1.135	175.306	0.990	0.044
1.198	175.238	0.990	0.043
1.261	174.456	0.996	0.041
1.324	175.286	0.990	0.040
1.387	175.207	0.988	0.037
1.450	174.828	0.994	0.033
1.513	174.638	0.991	0.030
1.576	175.290	0.985	0.026
1.639	175.358	0.989	0.025
1.702	175.154	0.982	0.024
1.765	174.701	0.979	0.024
1.828	175.346	0.987	0.024
1.891	174.447	0.984	0.023
1.954	174.780	0.976	0.023
name	G3-325
number	6
average_freq	351.884
variance	4.009
stdev	2.002
samples	32
time	frequency	confidence	rms
0.000	354.067	0.983	0.141
0.063	351.971	0.993	0.193
0.126	351.786	0.996	0.234
0.189	350.009	0.997	0.194
0.252	352.124	0.993	0.166
0.315	352.418	0.994	0.151
0.378	352.868	0.988	0.137
0.441	353.058	0.990	0.121
0.504	354.137	0.980	0.102
0.567	347.961	0.991	0.084
0.630	350.479	0.993	0.069
0.693	350.088	0.996	0.059
0.756	352.016	0.983	0.052
0.820	352.404	0.969	0.048
0.883	351.053	0.986	0.044
0.946	351.934	0.957	0.041
1.009	351.180	0.985	0.037
1.072	351.930	0.978	0.035
1.135	348.247	0.972	0.036
1.198	353.030	0.977	0.041
1.261	349.604	0.992	0.050
1.324	353.092	0.991	0.060
1.387	353.338	0.987	0.069
1.450	350.080	0.993	0.075
1.513	352.959	0.987	0.077
1.576	348.550	0.989	0.077
1.639	353.160	0.992	0.075
1.702	348.423	0.995	0.070
1.765	356.531	0.976	0.065
1.828	352.386	0.990	0.059
1.891	354.642	0.985	0.053
1.954	354.757	0.976	0.047
name	D3-650
number	7
average_freq	146.641
variance	0.269
stdev	0.519
samples	32
time	frequency	confidence	rms
0.000	146.372	0.967	0.069
0.063	147.795	0.951	0.103
0.126	146.136	0.978	0.132
0.189	147.219	0.966	0.123
0.252	146.049	0.980	0.112
0.315	146.820	0.985	0.104
0.378	146.470	0.982	0.093
0.441	146.293	0.987	0.087
0.504	147.301	0.991	0.082
0.567	146.498	0.990	0.076
0.630	147.483	0.987	0.074
0.693	146.569	0.987	0.072
0.756	146.669	0.983	0.073
0.820	147.014	0.987	0.073
0.883	146.759	0.988	0.072
0.946	147.319	0.984	0.070
1.009	146.391	0.988	0.065
1.072	146.597	0.987	0.063
1.135	146.732	0.990	0.063
1.198	146.172	0.996	0.064
1.261	146.630	0.989	0.066
1.324	146.788	0.989	0.066
1.387	146.324	0.993	0.065
1.450	146.478	0.989	0.063
1.513	146.549	0.994	0.061
1.576	147.026	0.992	0.059
1.639	146.204	0.995	0.056
1.702	145.818	0.995	0.054
1.765	146.950	0.993	0.051
1.828	147.476	0.992	0.049
1.891	146.390	0.992	0.047
1.954	145.234	0.987	0.043
name	D3-325
number	8
average_freq	296.745
variance	1.943
stdev	1.394
samples	32
time	frequency	confidence	rms
0.000	296.742	0.997	0.060
0.063	297.728	0.997	0.092
0.126	296.538	0.998	0.125
0.189	297.231	0.999	0.129
0.252	296.946	0.997	0.134
0.315	296.480	0.999	0.139
0.378	296.680	0.999	0.139
0.441	296.606	0.999	0.133
0.504	295.932	0.998	0.121
0.567	296.973	0.998	0.108
0.630	296.197	0.998	0.094
0.693	295.971	0.994	0.082
0.756	297.019	0.997	0.071
0.820	294.384	0.985	0.062
0.883	295.605	0.989	0.054
0.946	296.419	0.975	0.048
1.009	295.997	0.988	0.045
1.072	296.231	0.993	0.044
1.135	297.784	0.986	0.043
1.198	296.527	0.989	0.042
1.261	298.339	0.975	0.040
1.324	297.288	0.982	0.036
1.387	298.119	0.985	0.033
1.450	299.680	0.955	0.032
1.513	297.674	0.987	0.029
1.576	297.576	0.978	0.028
1.639	296.612	0.955	0.027
1.702	292.171	0.954	0.026
1.765	299.288	0.948	0.025
1.828	294.221	0.939	0.024
1.891	296.932	0.968	0.022
1.954	297.963	0.955	0.021
name	A2-650
number	9
average_freq	105.893
variance	0.087
stdev	0.294
samples	32
time	frequency	confidence	rms
0.000	106.396	0.992	0.097
0.063	106.253	0.992	0.148
0.126	105.990	0.977	0.194
0.189	106.284	0.991	0.190
0.252	106.315	0.991	0.177
0.315	106.057	0.989	0.164
0.378	106.215	0.981	0.150
0.441	106.045	0.987	0.137
0.504	106.272	0.991	0.132
0.567	106.066	0.936	0.125
0.630	105.968	0.976	0.119
0.693	105.614	0.992	0.114
0.756	106.005	0.986	0.108
0.820	105.682	0.995	0.106
0.883	106.159	0.988	0.108
0.946	105.705	0.944	0.106
1.009	106.084	0.968	0.102
1.072	106.406	0.942	0.100
1.135	105.908	0.969	0.095
1.198	105.852	0.992	0.091
1.261	105.527	0.996	0.088
1.324	105.629	0.996	0.084
1.387	105.782	0.994	0.079
1.450	105.941	0.991	0.077
1.513	105.546	0.998	0.075
1.576	105.529	0.998	0.072
1.639	105.525	0.998	0.070
1.702	105.642	0.996	0.067
1.765	105.532	0.994	0.064
1.828	105.480	0.996	0.062
1.891	105.612	0.996	0.060
1.954	105.545	0.998	0.057
name	A2-325
number	10
average_freq	214.475
variance	1.082
stdev	1.040
samples	32
time	frequency	confidence	rms
0.000	215.215	0.987	0.121
0.063	214.522	0.995	0.189
0.126	214.802	0.994	0.263
0.189	214.612	0.997	0.279
0.252	213.889	0.995	0.285
0.315	214.880	0.998	0.278
0.378	216.170	0.994	0.247
0.441	213.749	0.994	0.202
0.504	214.641	0.995	0.154
0.567	215.229	0.996	0.112
0.630	213.979	0.987	0.083
0.693	212.402	0.987	0.066
0.756	215.260	0.990	0.061
0.820	213.790	0.971	0.064
0.883	216.427	0.989	0.067
0.946	215.036	0.987	0.066
1.009	215.451	0.987	0.060
1.072	213.391	0.986	0.052
1.135	215.255	0.993	0.045
1.198	212.387	0.952	0.045
1.261	213.286	0.989	0.052
1.324	214.105	0.990	0.064
1.387	215.033	0.989	0.080
1.450	213.647	0.989	0.094
1.513	215.053	0.997	0.104
1.576	214.489	0.997	0.108
1.639	214.264	0.994	0.107
1.702	214.112	0.995	0.101
1.765	215.245	0.998	0.092
1.828	216.267	0.998	0.080
1.891	212.084	0.995	0.067
1.954	214.543	0.994	0.054
name	E2-650
number	11
average_freq	85.253
variance	0.008
stdev	0.090
samples	32
time	frequency	confidence	rms
0.000	85.500	0.997	0.149
0.063	85.413	0.998	0.233
0.126	85.356	0.999	0.307
0.189	85.323	0.999	0.308
0.252	85.297	0.999	0.305
0.315	85.235	0.999	0.302
0.378	85.302	0.999	0.301
0.441	85.260	0.999	0.291
0.504	85.241	0.999	0.285
0.567	85.187	0.999	0.280
0.630	85.295	0.998	0.274
0.693	85.312	0.999	0.270
0.756	85.280	0.999	0.266
0.820	85.212	0.999	0.264
0.883	85.256	0.999	0.259
0.946	85.216	0.999	0.251
1.009	85.186	0.999	0.246
1.072	85.322	0.999	0.238
1.135	85.170	0.999	0.229
1.198	85.254	0.998	0.221
1.261	85.342	0.998	0.212
1.324	85.261	0.998	0.207
1.387	85.332	0.998	0.201
1.450	85.120	0.998	0.194
1.513	85.148	0.999	0.188
1.576	85.113	0.999	0.184
1.639	85.170	0.998	0.178
1.702	85.119	0.999	0.171
1.765	85.319	0.998	0.165
1.828	85.250	0.999	0.161
1.891	85.076	0.997	0.156
1.954	85.223	0.996	0.151
name	E2-325
number	12
average_freq	170.965
variance	227.944
stdev	15.098
samples	32
time	frequency	confidence	rms
0.000	173.898	0.982	0.108
0.063	173.902	0.996	0.110
0.126	173.956	0.997	0.150
0.189	174.442	0.997	0.178
0.252	173.857	0.999	0.206
0.315	173.917	0.998	0.231
0.378	173.834	1.000	0.253
0.441	173.652	0.999	0.269
0.504	174.324	0.999	0.281
0.567	173.329	0.998	0.286
0.630	173.615	0.999	0.283
0.693	174.288	0.999	0.272
0.756	173.952	0.999	0.254
0.820	173.444	0.997	0.235
0.883	174.707	0.998	0.216
0.946	173.007	0.996	0.197
1.009	173.932	0.996	0.179
1.072	173.054	0.994	0.161
1.135	174.640	0.998	0.144
1.198	172.783	0.996	0.128
1.261	174.067	0.997	0.113
1.324	174.246	0.989	0.098
1.387	172.964	0.994	0.096
1.450	172.990	0.993	0.087
1.513	172.125	0.985	0.078
1.576	173.517	0.932	0.071
1.639	171.118	0.983	0.055
1.702	174.541	0.976	0.045
1.765	87.001	0.937	0.039
1.828	173.913	0.885	0.034
1.891	173.939	0.948	0.030
1.954	173.913	0.898	0.026
