name	Daddario-EJ17-2-medium-650mm-9070g
schema	1.0
datetime	2018-08-04 01:16:42
sample_time	0.250
sample_step_time	0.063
sample_stop_time	2.000
tracks	12
name	E4-650
number	1
average_freq	247.791
variance	5463.329
stdev	73.914
samples	32
time	frequency	confidence	rms
0.000	284.132	0.961	0.053
0.063	281.826	0.965	0.082
0.126	286.162	0.971	0.110
0.189	282.525	0.972	0.112
0.252	284.878	0.989	0.111
0.315	283.242	0.962	0.110
0.378	283.403	0.987	0.106
0.441	285.656	0.974	0.104
0.504	279.554	0.970	0.100
0.567	285.008	0.984	0.096
0.630	284.195	0.967	0.092
0.693	279.881	0.971	0.088
0.756	280.254	0.983	0.084
0.820	282.045	0.972	0.079
0.883	141.440	0.947	0.076
0.946	141.742	0.933	0.072
1.009	141.143	0.953	0.068
1.072	280.347	0.933	0.065
1.135	278.223	0.956	0.062
1.198	278.671	0.959	0.060
1.261	291.372	0.963	0.058
1.324	284.664	0.948	0.056
1.387	277.436	0.942	0.053
1.450	56.338	0.891	0.049
1.513	275.862	0.873	0.046
1.576	56.338	0.842	0.043
1.639	286.945	0.903	0.041
1.702	278.416	0.917	0.039
1.765	288.968	0.921	0.037
1.828	56.738	0.818	0.035
1.891	276.042	0.928	0.033
1.954	275.862	0.857	0.031
name	E4-325
number	2
average_freq	545.327
variance	9049.361
stdev	95.128
samples	32
time	frequency	confidence	rms
0.000	575.344	0.996	0.185
0.063	575.275	0.997	0.266
0.126	572.406	0.998	0.331
0.189	575.055	0.998	0.295
0.252	571.146	0.995	0.256
0.315	577.001	0.994	0.219
0.378	578.569	0.989	0.188
0.441	572.480	0.997	0.164
0.504	571.047	0.993	0.146
0.567	577.473	0.991	0.133
0.630	580.291	0.992	0.125
0.693	567.907	0.986	0.120
0.756	574.618	0.993	0.115
0.820	581.326	0.980	0.112
0.883	285.167	0.966	0.109
0.946	578.956	0.988	0.106
1.009	565.435	0.953	0.103
1.072	576.706	0.987	0.100
1.135	566.190	0.974	0.096
1.198	579.079	0.976	0.093
1.261	589.192	0.918	0.091
1.324	576.361	0.977	0.087
1.387	579.534	0.986	0.084
1.450	579.948	0.992	0.080
1.513	574.618	0.945	0.076
1.576	570.754	0.966	0.073
1.639	188.838	0.950	0.070
1.702	285.340	0.972	0.067
1.765	571.069	0.986	0.063
1.828	576.765	0.920	0.060
1.891	582.216	0.950	0.058
1.954	574.369	0.964	0.055
name	B3-650
number	3
average_freq	199.533
variance	4988.979
stdev	70.633
samples	32
time	frequency	confidence	rms
0.000	215.351	0.972	0.093
0.063	215.497	0.969	0.102
0.126	216.448	0.973	0.099
0.189	216.355	0.987	0.078
0.252	216.428	0.941	0.064
0.315	108.123	0.928	0.061
0.378	217.097	0.942	0.063
0.441	216.423	0.973	0.067
0.504	216.356	0.984	0.070
0.567	215.475	0.923	0.070
0.630	215.781	0.960	0.068
0.693	215.186	0.939	0.065
0.756	216.216	0.898	0.060
0.820	108.108	0.863	0.055
0.883	214.520	0.907	0.051
0.946	214.765	0.907	0.047
1.009	216.216	0.898	0.045
1.072	214.341	0.927	0.043
1.135	215.660	0.900	0.042
1.198	212.249	0.929	0.042
1.261	53.691	0.812	0.042
1.324	106.667	0.876	0.042
1.387	43.011	0.826	0.042
1.450	216.216	0.820	0.041
1.513	216.216	0.863	0.039
1.576	216.216	0.824	0.037
1.639	216.216	0.846	0.035
1.702	216.216	0.898	0.034
1.765	470.588	0.715	0.032
1.828	216.216	0.818	0.031
1.891	210.526	0.872	0.029
1.954	106.667	0.797	0.028
name	B3-325
number	4
average_freq	416.087
variance	7500.018
stdev	86.603
samples	32
time	frequency	confidence	rms
0.000	442.314	0.984	0.086
0.063	443.884	0.985	0.126
0.126	440.568	0.979	0.162
0.189	439.943	0.987	0.162
0.252	440.874	0.985	0.158
0.315	436.802	0.957	0.152
0.378	436.994	0.965	0.147
0.441	442.758	0.979	0.140
0.504	446.388	0.970	0.132
0.567	444.222	0.975	0.126
0.630	444.229	0.987	0.120
0.693	438.535	0.973	0.113
0.756	435.906	0.967	0.109
0.820	442.608	0.973	0.105
0.883	441.311	0.977	0.100
0.946	218.042	0.981	0.095
1.009	444.690	0.984	0.093
1.072	440.246	0.982	0.089
1.135	427.046	0.974	0.085
1.198	444.427	0.978	0.083
1.261	450.899	0.965	0.080
1.324	467.890	0.940	0.076
1.387	425.105	0.967	0.073
1.450	432.186	0.970	0.070
1.513	444.703	0.987	0.067
1.576	432.302	0.933	0.064
1.639	443.556	0.938	0.061
1.702	43.722	0.931	0.058
1.765	217.752	0.939	0.055
1.828	451.428	0.957	0.053
1.891	444.927	0.956	0.051
1.954	468.520	0.904	0.049
name	G3-650
number	5
average_freq	147.558
variance	0.296
stdev	0.544
samples	32
time	frequency	confidence	rms
0.000	147.235	0.993	0.036
0.063	147.162	0.993	0.055
0.126	147.538	0.995	0.071
0.189	147.607	0.989	0.068
0.252	147.435	0.994	0.066
0.315	147.778	0.990	0.064
0.378	147.379	0.984	0.063
0.441	147.657	0.993	0.062
0.504	148.480	0.991	0.062
0.567	147.190	0.991	0.062
0.630	147.178	0.991	0.061
0.693	148.090	0.991	0.062
0.756	146.640	0.981	0.063
0.820	147.984	0.989	0.063
0.883	147.032	0.991	0.064
0.946	146.763	0.990	0.065
1.009	146.898	0.993	0.067
1.072	146.566	0.993	0.068
1.135	148.101	0.993	0.070
1.198	148.673	0.994	0.071
1.261	147.554	0.993	0.073
1.324	147.333	0.993	0.074
1.387	148.124	0.990	0.076
1.450	148.176	0.997	0.077
1.513	147.241	0.995	0.078
1.576	148.019	0.996	0.079
1.639	147.564	0.997	0.080
1.702	147.443	0.995	0.081
1.765	147.802	0.992	0.082
1.828	147.204	0.995	0.083
1.891	147.236	0.994	0.083
1.954	148.760	0.996	0.084
name	G3-325
number	6
average_freq	297.444
variance	2.691
stdev	1.641
samples	32
time	frequency	confidence	rms
0.000	299.191	0.965	0.108
0.063	299.144	0.992	0.145
0.126	298.182	0.998	0.169
0.189	297.201	0.996	0.130
0.252	297.452	0.987	0.099
0.315	297.761	0.987	0.084
0.378	297.644	0.981	0.076
0.441	297.500	0.950	0.071
0.504	298.218	0.994	0.067
0.567	298.231	0.988	0.063
0.630	298.741	0.989	0.059
0.693	296.164	0.981	0.058
0.756	296.183	0.979	0.058
0.820	299.456	0.977	0.059
0.883	296.149	0.998	0.062
0.946	297.436	0.998	0.065
1.009	295.874	0.966	0.071
1.072	296.818	0.997	0.074
1.135	296.658	0.995	0.076
1.198	296.434	0.999	0.078
1.261	296.355	0.998	0.077
1.324	295.725	0.997	0.075
1.387	298.178	0.996	0.072
1.450	296.804	0.996	0.067
1.513	297.719	0.992	0.061
1.576	297.651	0.987	0.057
1.639	298.515	0.995	0.052
1.702	296.443	0.988	0.046
1.765	293.339	0.986	0.042
1.828	303.261	0.920	0.038
1.891	298.372	0.958	0.035
1.954	295.399	0.971	0.034
name	D3-650
number	7
average_freq	110.197
variance	0.052
stdev	0.227
samples	32
time	frequency	confidence	rms
0.000	110.278	0.983	0.069
0.063	110.564	0.992	0.106
0.126	110.063	0.994	0.140
0.189	110.682	0.992	0.137
0.252	110.585	0.993	0.135
0.315	110.509	0.994	0.130
0.378	110.143	0.995	0.124
0.441	110.304	0.991	0.118
0.504	110.088	0.996	0.111
0.567	110.063	0.989	0.105
0.630	110.255	0.987	0.099
0.693	109.994	0.991	0.094
0.756	110.311	0.987	0.089
0.820	110.187	0.992	0.086
0.883	109.907	0.993	0.083
0.946	110.441	0.988	0.082
1.009	110.120	0.991	0.080
1.072	110.090	0.989	0.078
1.135	109.902	0.987	0.077
1.198	110.157	0.992	0.075
1.261	110.250	0.986	0.074
1.324	110.036	0.993	0.073
1.387	109.748	0.990	0.071
1.450	110.599	0.990	0.070
1.513	110.459	0.974	0.068
1.576	110.197	0.992	0.067
1.639	110.060	0.989	0.065
1.702	110.028	0.984	0.063
1.765	110.109	0.986	0.061
1.828	109.817	0.988	0.060
1.891	110.206	0.975	0.058
1.954	110.148	0.978	0.057
name	D3-325
number	8
average_freq	223.682
variance	1.122
stdev	1.059
samples	32
time	frequency	confidence	rms
0.000	224.161	0.994	0.086
0.063	225.138	0.992	0.128
0.126	224.633	0.995	0.162
0.189	224.451	0.995	0.146
0.252	224.631	0.995	0.125
0.315	224.053	0.993	0.104
0.378	223.538	0.992	0.085
0.441	224.283	0.986	0.070
0.504	223.205	0.990	0.060
0.567	224.207	0.992	0.053
0.630	221.998	0.990	0.051
0.693	224.221	0.990	0.049
0.756	223.633	0.985	0.049
0.820	223.628	0.986	0.049
0.883	222.704	0.994	0.050
0.946	223.234	0.988	0.051
1.009	222.087	0.984	0.053
1.072	223.515	0.988	0.054
1.135	224.100	0.995	0.056
1.198	223.480	0.987	0.057
1.261	223.171	0.995	0.058
1.324	225.394	0.989	0.058
1.387	223.302	0.992	0.057
1.450	223.876	0.982	0.056
1.513	224.383	0.986	0.054
1.576	224.538	0.988	0.052
1.639	222.980	0.983	0.050
1.702	223.274	0.996	0.048
1.765	224.486	0.992	0.046
1.828	221.441	0.990	0.044
1.891	220.664	0.981	0.043
1.954	225.426	0.977	0.041
name	A2-650
number	9
average_freq	85.064
variance	0.054
stdev	0.232
samples	32
time	frequency	confidence	rms
0.000	85.193	0.985	0.103
0.063	85.195	0.988	0.159
0.126	85.040	0.997	0.213
0.189	85.363	0.983	0.214
0.252	85.204	0.994	0.215
0.315	85.143	0.989	0.213
0.378	85.025	0.973	0.212
0.441	84.916	0.977	0.207
0.504	84.939	0.997	0.202
0.567	85.090	0.995	0.197
0.630	85.323	0.993	0.191
0.693	84.644	0.976	0.185
0.756	84.950	0.994	0.179
0.820	85.035	0.996	0.171
0.883	84.730	0.986	0.166
0.946	85.024	0.998	0.163
1.009	85.150	0.974	0.155
1.072	85.368	0.993	0.151
1.135	85.284	0.993	0.147
1.198	84.877	0.989	0.140
1.261	84.952	0.984	0.135
1.324	85.213	0.993	0.132
1.387	85.387	0.986	0.132
1.450	84.544	0.979	0.130
1.513	85.519	0.968	0.126
1.576	85.053	0.980	0.122
1.639	84.629	0.963	0.116
1.702	84.983	0.994	0.112
1.765	85.381	0.987	0.110
1.828	84.987	0.989	0.109
1.891	84.817	0.978	0.105
1.954	85.090	0.986	0.104
name	A2-325
number	10
average_freq	164.855
variance	878.667
stdev	29.642
samples	32
time	frequency	confidence	rms
0.000	171.809	0.950	0.039
0.063	171.647	0.991	0.064
0.126	171.791	0.982	0.087
0.189	173.947	0.997	0.091
0.252	173.439	0.996	0.091
0.315	173.195	0.988	0.086
0.378	173.206	0.985	0.080
0.441	172.861	0.991	0.074
0.504	172.547	0.985	0.069
0.567	171.929	0.975	0.066
0.630	171.583	0.979	0.063
0.693	172.199	0.985	0.061
0.756	173.597	0.988	0.059
0.820	174.152	0.958	0.056
0.883	173.710	0.989	0.053
0.946	57.539	0.972	0.048
1.009	43.114	0.919	0.043
1.072	172.918	0.948	0.038
1.135	171.774	0.946	0.034
1.198	172.436	0.977	0.033
1.261	172.298	0.915	0.033
1.324	171.368	0.928	0.034
1.387	172.071	0.976	0.036
1.450	170.608	0.984	0.038
1.513	173.570	0.977	0.041
1.576	173.840	0.980	0.043
1.639	171.030	0.962	0.045
1.702	171.443	0.981	0.045
1.765	170.489	0.989	0.046
1.828	173.695	0.979	0.045
1.891	173.392	0.977	0.043
1.954	172.160	0.980	0.041
name	E2-650
number	11
average_freq	69.652
variance	0.006
stdev	0.080
samples	32
time	frequency	confidence	rms
0.000	69.825	0.991	0.084
0.063	69.782	0.993	0.129
0.126	69.765	0.993	0.173
0.189	69.656	0.997	0.176
0.252	69.701	0.996	0.173
0.315	69.688	0.997	0.170
0.378	69.778	0.995	0.173
0.441	69.635	0.995	0.169
0.504	69.663	0.996	0.169
0.567	69.674	0.994	0.170
0.630	69.562	0.998	0.170
0.693	69.669	0.998	0.176
0.756	69.746	0.996	0.177
0.820	69.650	0.998	0.181
0.883	69.647	0.997	0.187
0.946	69.672	0.997	0.187
1.009	69.708	0.997	0.191
1.072	69.662	0.996	0.190
1.135	69.628	0.997	0.189
1.198	69.704	0.997	0.192
1.261	69.620	0.998	0.189
1.324	69.549	0.998	0.191
1.387	69.621	0.998	0.187
1.450	69.656	0.997	0.185
1.513	69.634	0.998	0.184
1.576	69.597	0.997	0.178
1.639	69.539	0.995	0.176
1.702	69.433	0.997	0.170
1.765	69.539	0.996	0.166
1.828	69.681	0.995	0.164
1.891	69.565	0.994	0.156
1.954	69.609	0.993	0.151
name	E2-325
number	12
average_freq	142.241
variance	0.341
stdev	0.584
samples	32
time	frequency	confidence	rms
0.000	142.071	0.990	0.050
0.063	142.562	0.995	0.077
0.126	141.525	0.988	0.103
0.189	141.958	0.993	0.102
0.252	142.091	0.994	0.097
0.315	142.725	0.995	0.091
0.378	142.305	0.995	0.083
0.441	142.041	0.992	0.076
0.504	141.204	0.988	0.070
0.567	141.552	0.978	0.066
0.630	142.208	0.988	0.064
0.693	142.546	0.987	0.062
0.756	141.938	0.981	0.061
0.820	142.448	0.978	0.060
0.883	142.068	0.982	0.058
0.946	142.560	0.985	0.054
1.009	141.899	0.975	0.050
1.072	142.173	0.969	0.046
1.135	141.724	0.967	0.042
1.198	141.676	0.936	0.040
1.261	143.409	0.948	0.039
1.324	143.476	0.975	0.039
1.387	142.533	0.982	0.040
1.450	141.397	0.983	0.041
1.513	141.739	0.947	0.042
1.576	142.242	0.980	0.042
1.639	142.889	0.976	0.041
1.702	142.921	0.986	0.039
1.765	142.411	0.982	0.038
1.828	141.242	0.927	0.037
1.891	143.140	0.967	0.035
1.954	143.026	0.975	0.035
