name	Martin-M540-2-650mm-9070g
schema	1.0
datetime	2018-08-04 01:19:13
sample_time	0.250
sample_step_time	0.063
sample_stop_time	2.000
tracks	12
name	E4-650
number	1
average_freq	305.596
variance	2.241
stdev	1.497
samples	32
time	frequency	confidence	rms
0.000	306.360	0.989	0.105
0.063	307.237	0.989	0.152
0.126	306.414	0.988	0.192
0.189	306.635	0.986	0.178
0.252	306.435	0.994	0.162
0.315	306.942	0.995	0.145
0.378	306.009	0.988	0.125
0.441	306.727	0.988	0.111
0.504	303.991	0.972	0.101
0.567	306.582	0.992	0.095
0.630	304.801	0.987	0.092
0.693	305.671	0.989	0.086
0.756	304.874	0.990	0.081
0.820	305.932	0.992	0.078
0.883	307.573	0.989	0.076
0.946	305.284	0.992	0.073
1.009	305.763	0.989	0.071
1.072	304.772	0.986	0.068
1.135	305.189	0.988	0.064
1.198	304.362	0.982	0.061
1.261	306.803	0.990	0.058
1.324	304.306	0.986	0.055
1.387	306.361	0.993	0.053
1.450	305.952	0.971	0.050
1.513	308.287	0.990	0.048
1.576	304.550	0.984	0.046
1.639	304.731	0.985	0.044
1.702	302.893	0.973	0.043
1.765	304.039	0.970	0.041
1.828	305.181	0.979	0.039
1.891	300.684	0.975	0.038
1.954	307.731	0.993	0.037
name	E4-325
number	2
average_freq	543.715
variance	20220.854
stdev	142.200
samples	32
time	frequency	confidence	rms
0.000	620.489	0.960	0.073
0.063	620.577	0.983	0.115
0.126	614.711	0.990	0.160
0.189	615.696	0.992	0.167
0.252	621.044	0.999	0.183
0.315	616.168	0.996	0.193
0.378	617.045	0.999	0.188
0.441	616.790	0.997	0.187
0.504	618.591	0.996	0.179
0.567	622.009	0.998	0.168
0.630	616.846	0.997	0.162
0.693	620.441	0.999	0.143
0.756	618.711	0.996	0.125
0.820	619.926	0.993	0.108
0.883	621.711	0.989	0.091
0.946	617.493	0.994	0.076
1.009	617.968	0.989	0.063
1.072	615.854	0.996	0.052
1.135	615.683	0.988	0.042
1.198	620.164	0.934	0.035
1.261	616.038	0.994	0.029
1.324	205.128	0.888	0.024
1.387	306.711	0.909	0.021
1.450	621.294	0.907	0.019
1.513	204.489	0.902	0.018
1.576	307.692	0.870	0.017
1.639	307.692	0.816	0.018
1.702	615.759	0.943	0.018
1.765	307.692	0.714	0.017
1.828	307.692	0.683	0.017
1.891	615.385	0.881	0.015
1.954	615.385	0.806	0.014
name	B3-650
number	3
average_freq	224.984
variance	398.424
stdev	19.961
samples	32
time	frequency	confidence	rms
0.000	229.251	0.989	0.112
0.063	229.218	0.997	0.167
0.126	227.999	0.997	0.216
0.189	228.647	0.997	0.214
0.252	228.872	0.997	0.203
0.315	228.768	0.996	0.191
0.378	227.834	0.996	0.181
0.441	228.458	0.998	0.170
0.504	228.653	0.999	0.162
0.567	228.994	0.999	0.155
0.630	229.022	0.997	0.146
0.693	228.456	0.998	0.138
0.756	228.341	0.996	0.129
0.820	228.031	0.995	0.118
0.883	227.929	0.997	0.108
0.946	227.394	0.994	0.099
1.009	229.965	0.992	0.090
1.072	228.495	0.999	0.086
1.135	228.350	0.993	0.083
1.198	227.864	0.978	0.078
1.261	229.018	0.997	0.076
1.324	229.048	0.993	0.074
1.387	226.669	0.987	0.070
1.450	228.141	0.998	0.069
1.513	228.443	0.987	0.066
1.576	229.827	0.994	0.062
1.639	229.120	0.973	0.061
1.702	230.168	0.989	0.058
1.765	230.417	0.992	0.057
1.828	224.826	0.968	0.055
1.891	229.282	0.983	0.053
1.954	113.995	0.983	0.052
name	B3-325
number	4
average_freq	446.345
variance	5171.317
stdev	71.912
samples	32
time	frequency	confidence	rms
0.000	462.943	0.985	0.180
0.063	466.506	0.990	0.243
0.126	464.547	0.989	0.283
0.189	464.411	0.990	0.218
0.252	464.898	0.982	0.159
0.315	465.195	0.988	0.120
0.378	463.313	0.983	0.096
0.441	464.966	0.973	0.086
0.504	462.435	0.976	0.084
0.567	463.714	0.974	0.087
0.630	461.271	0.975	0.091
0.693	465.012	0.991	0.093
0.756	465.741	0.990	0.094
0.820	462.368	0.984	0.095
0.883	468.911	0.991	0.096
0.946	466.308	0.989	0.096
1.009	461.736	0.965	0.096
1.072	465.134	0.987	0.094
1.135	466.210	0.990	0.088
1.198	465.218	0.990	0.080
1.261	459.302	0.970	0.070
1.324	463.044	0.986	0.059
1.387	464.917	0.965	0.048
1.450	461.869	0.925	0.037
1.513	466.438	0.988	0.028
1.576	231.952	0.917	0.023
1.639	115.575	0.937	0.020
1.702	471.181	0.918	0.020
1.765	462.233	0.934	0.022
1.828	465.718	0.931	0.025
1.891	469.819	0.985	0.027
1.954	460.140	0.953	0.029
name	G3-650
number	5
average_freq	154.178
variance	0.461
stdev	0.679
samples	32
time	frequency	confidence	rms
0.000	154.592	0.997	0.192
0.063	154.360	0.998	0.234
0.126	154.757	0.997	0.268
0.189	154.157	0.998	0.261
0.252	154.239	0.995	0.243
0.315	155.578	0.993	0.227
0.378	153.735	0.996	0.214
0.441	154.004	0.996	0.201
0.504	156.028	0.995	0.192
0.567	154.268	0.995	0.184
0.630	154.573	0.992	0.177
0.693	154.919	0.994	0.165
0.756	154.156	0.994	0.154
0.820	153.202	0.996	0.144
0.883	153.832	0.996	0.135
0.946	154.676	0.995	0.129
1.009	153.856	0.995	0.124
1.072	153.506	0.996	0.116
1.135	154.357	0.996	0.108
1.198	154.261	0.992	0.103
1.261	154.120	0.993	0.098
1.324	153.624	0.990	0.093
1.387	153.752	0.984	0.090
1.450	153.401	0.983	0.087
1.513	154.002	0.981	0.084
1.576	153.123	0.993	0.081
1.639	155.666	0.987	0.078
1.702	153.455	0.978	0.076
1.765	153.687	0.955	0.073
1.828	154.310	0.981	0.072
1.891	153.311	0.989	0.070
1.954	154.182	0.969	0.068
name	G3-325
number	6
average_freq	312.043
variance	11.103
stdev	3.332
samples	32
time	frequency	confidence	rms
0.000	314.102	0.980	0.185
0.063	313.026	0.987	0.261
0.126	313.185	0.985	0.314
0.189	314.328	0.982	0.269
0.252	315.725	0.983	0.211
0.315	314.368	0.986	0.168
0.378	314.035	0.978	0.142
0.441	315.357	0.986	0.128
0.504	314.703	0.980	0.121
0.567	312.658	0.986	0.119
0.630	316.965	0.986	0.111
0.693	314.335	0.982	0.098
0.756	316.154	0.986	0.082
0.820	315.300	0.984	0.067
0.883	313.164	0.980	0.058
0.946	317.029	0.989	0.053
1.009	310.661	0.985	0.052
1.072	310.562	0.986	0.051
1.135	312.046	0.984	0.051
1.198	310.703	0.988	0.049
1.261	311.871	0.989	0.049
1.324	311.296	0.984	0.047
1.387	309.209	0.992	0.046
1.450	307.986	0.989	0.043
1.513	313.296	0.950	0.041
1.576	306.811	0.976	0.039
1.639	305.247	0.970	0.039
1.702	307.776	0.961	0.039
1.765	311.048	0.972	0.039
1.828	310.537	0.972	0.038
1.891	308.887	0.956	0.036
1.954	303.013	0.964	0.034
name	D3-650
number	7
average_freq	117.381
variance	0.065
stdev	0.254
samples	32
time	frequency	confidence	rms
0.000	117.666	0.997	0.090
0.063	117.586	0.998	0.137
0.126	117.396	0.997	0.179
0.189	117.336	0.998	0.173
0.252	117.343	0.998	0.166
0.315	117.437	0.997	0.160
0.378	117.422	0.998	0.156
0.441	117.070	0.997	0.151
0.504	117.382	0.997	0.146
0.567	117.634	0.998	0.141
0.630	117.293	0.996	0.137
0.693	117.334	0.995	0.134
0.756	117.179	0.997	0.132
0.820	117.750	0.990	0.129
0.883	117.156	0.998	0.126
0.946	117.026	0.995	0.125
1.009	117.470	0.998	0.124
1.072	117.206	0.998	0.122
1.135	117.507	0.997	0.121
1.198	117.144	0.998	0.120
1.261	118.018	0.997	0.118
1.324	117.298	0.997	0.115
1.387	116.951	0.996	0.113
1.450	117.370	0.994	0.111
1.513	117.405	0.998	0.110
1.576	116.975	0.996	0.107
1.639	117.002	0.996	0.103
1.702	117.879	0.996	0.101
1.765	117.706	0.996	0.100
1.828	117.346	0.996	0.098
1.891	117.582	0.996	0.096
1.954	117.340	0.995	0.093
name	D3-325
number	8
average_freq	236.488
variance	0.240
stdev	0.490
samples	32
time	frequency	confidence	rms
0.000	236.770	0.996	0.191
0.063	237.275	0.994	0.311
0.126	236.952	0.995	0.429
0.189	236.550	0.996	0.435
0.252	236.584	0.997	0.414
0.315	236.899	0.997	0.363
0.378	236.788	0.998	0.295
0.441	236.656	0.997	0.228
0.504	236.946	0.996	0.174
0.567	236.486	0.997	0.129
0.630	236.464	0.987	0.106
0.693	236.462	0.995	0.102
0.756	236.817	0.996	0.108
0.820	236.442	0.993	0.114
0.883	235.741	0.996	0.110
0.946	236.148	0.995	0.096
1.009	236.329	0.992	0.079
1.072	237.140	0.985	0.067
1.135	236.539	0.996	0.066
1.198	236.549	0.998	0.076
1.261	235.561	0.996	0.091
1.324	237.605	0.995	0.108
1.387	236.677	0.998	0.119
1.450	235.770	0.999	0.122
1.513	235.785	0.998	0.119
1.576	235.638	0.999	0.110
1.639	236.051	0.999	0.098
1.702	236.005	0.992	0.086
1.765	236.040	0.996	0.073
1.828	236.928	0.994	0.060
1.891	236.919	0.987	0.048
1.954	236.112	0.976	0.039
name	A2-650
number	9
average_freq	89.718
variance	0.026
stdev	0.162
samples	32
time	frequency	confidence	rms
0.000	89.819	0.999	0.129
0.063	89.604	0.997	0.195
0.126	89.861	0.999	0.258
0.189	89.611	0.998	0.251
0.252	89.731	0.999	0.240
0.315	89.796	0.998	0.235
0.378	89.608	0.998	0.230
0.441	89.810	0.997	0.227
0.504	89.701	0.998	0.227
0.567	89.897	0.999	0.222
0.630	89.693	0.998	0.217
0.693	89.646	0.997	0.214
0.756	89.751	0.997	0.208
0.820	89.778	0.998	0.207
0.883	89.933	0.997	0.206
0.946	89.795	0.998	0.201
1.009	89.915	0.998	0.197
1.072	89.883	0.997	0.190
1.135	89.960	0.995	0.184
1.198	89.769	0.997	0.180
1.261	89.669	0.998	0.175
1.324	89.311	0.995	0.171
1.387	89.547	0.996	0.169
1.450	89.866	0.996	0.164
1.513	89.901	0.997	0.162
1.576	89.623	0.996	0.161
1.639	89.486	0.996	0.158
1.702	89.852	0.997	0.156
1.765	89.352	0.995	0.156
1.828	89.511	0.997	0.153
1.891	89.577	0.995	0.150
1.954	89.730	0.997	0.149
name	A2-325
number	10
average_freq	186.326
variance	0.489
stdev	0.699
samples	32
time	frequency	confidence	rms
0.000	186.515	0.992	0.070
0.063	185.480	0.997	0.107
0.126	186.788	0.997	0.141
0.189	186.560	0.996	0.138
0.252	187.609	0.993	0.132
0.315	187.158	0.996	0.127
0.378	186.351	0.998	0.124
0.441	186.867	0.997	0.124
0.504	186.127	0.995	0.125
0.567	187.700	0.995	0.127
0.630	186.701	0.996	0.130
0.693	186.477	0.997	0.131
0.756	186.984	0.998	0.132
0.820	187.166	0.997	0.128
0.883	186.102	0.997	0.125
0.946	185.909	0.998	0.121
1.009	187.132	0.997	0.117
1.072	185.116	0.993	0.115
1.135	186.809	0.993	0.114
1.198	187.145	0.992	0.112
1.261	185.743	0.996	0.109
1.324	186.206	0.997	0.104
1.387	185.894	0.996	0.098
1.450	185.879	0.996	0.092
1.513	185.468	0.996	0.088
1.576	185.029	0.990	0.085
1.639	185.592	0.994	0.083
1.702	185.079	0.992	0.083
1.765	186.475	0.987	0.083
1.828	185.834	0.994	0.082
1.891	186.291	0.996	0.081
1.954	186.246	0.995	0.081
name	E2-650
number	11
average_freq	74.846
variance	128.532
stdev	11.337
samples	32
time	frequency	confidence	rms
0.000	73.394	0.732	0.098
0.063	72.520	0.928	0.152
0.126	72.550	0.974	0.212
0.189	73.394	0.892	0.224
0.252	72.867	0.997	0.235
0.315	73.595	0.970	0.238
0.378	72.587	0.979	0.246
0.441	73.152	0.986	0.250
0.504	73.304	0.986	0.251
0.567	72.530	0.993	0.255
0.630	72.612	0.979	0.258
0.693	72.950	0.989	0.258
0.756	73.377	0.991	0.260
0.820	72.383	0.973	0.257
0.883	72.666	0.991	0.251
0.946	72.617	0.994	0.245
1.009	72.501	0.980	0.238
1.072	72.777	0.996	0.236
1.135	72.084	0.972	0.235
1.198	72.386	0.988	0.230
1.261	72.900	0.977	0.224
1.324	73.485	0.965	0.216
1.387	73.049	0.989	0.211
1.450	72.816	0.989	0.206
1.513	72.553	0.957	0.198
1.576	71.970	0.969	0.192
1.639	72.450	0.973	0.187
1.702	72.866	0.988	0.186
1.765	72.658	0.960	0.185
1.828	73.156	0.912	0.181
1.891	73.001	0.992	0.181
1.954	137.931	0.779	0.161
name	E2-325
number	12
average_freq	145.252
variance	332.338
stdev	18.230
samples	32
time	frequency	confidence	rms
0.000	149.128	0.992	0.192
0.063	150.300	0.996	0.290
0.126	150.019	0.995	0.351
0.189	150.198	0.996	0.300
0.252	150.230	0.993	0.231
0.315	150.566	0.990	0.178
0.378	149.900	0.993	0.176
0.441	149.750	0.994	0.213
0.504	150.215	0.991	0.256
0.567	150.164	0.997	0.269
0.630	149.082	0.993	0.242
0.693	149.918	0.997	0.191
0.756	149.564	0.986	0.146
0.820	151.587	0.994	0.126
0.883	150.477	0.972	0.127
0.946	149.883	0.990	0.132
1.009	149.791	0.987	0.121
1.072	149.897	0.979	0.101
1.135	149.658	0.990	0.082
1.198	149.087	0.976	0.072
1.261	150.684	0.962	0.071
1.324	148.985	0.954	0.076
1.387	149.465	0.985	0.081
1.450	149.417	0.973	0.080
1.513	151.237	0.980	0.070
1.576	149.111	0.989	0.057
1.639	74.716	0.976	0.049
1.702	149.300	0.983	0.051
1.765	74.681	0.928	0.064
1.828	149.856	0.972	0.077
1.891	151.933	0.979	0.083
1.954	149.281	0.977	0.082
